1939
2453
3287
5961
6006
7946
14397
14436
14655
14694
14741
14745
14808
14885
14993
15953
16875
16945
17005
17755
20280
21365
21391
21433
21505
21523
21540
21546
21549
21610
21671
23450
25689
25693
25850
25859
25876
25897
26302
26568
26912
27060
27301
27456
27712
27743
27751
27754
27787
27807
27820
27846
27857
27868
27891
27893
27925
27949
27950
28191
29055
30670
32693
32780
32785
33189
33716
36426
36457
36466
36472
36969
37630
39004
39542
39544
40810
40830
40867
41159
41609
41838
41841
41931
42979
48153
53102
53111
53116
53118
53141
54875
55722
55725
56262
56276
56351
56450
56451
56610
57170
62861
62942
63012
63049
63061
63062
64921
65872
66132
67097
68840
69474
69937
70409
70718
76071
76574
76721
76732
81074
85112
85115
85132
85141
87566
93566
99021
99398
102238
103110
104174
109535
109560
110615
110623
110704
111233
111451
111480
111502
111505
111511
111529
111535
111552
111555
111585
111706
111709
111732
111733
111738
111769
117491
117500
118105
119538
119896
119906
121446
123567
124536
124549
124618
124671
124676
125109
125111
125131
125142
125145
125153
125162
125180
125187
125193
125237
125288
125292
125295
125298
126654
126688
126728
127239
127311
127313
127316
127325
127329
127352
127353
127376
127377
127384
127434
127518
127578
127656
127776
127793
127802
127812
127819
127902
128115
128638
128688
128705
128790
128833
128867
128959
128961
129924
129933
129956
130015
130064
132153
138783
138792
139813
141099
142719
142836
142848
142876
142978
142996
143731
143773
143967
144197
144211
144263
147584
148543
148959
148996
149112
149945
149949
150423
152169
152726
152732
152810
152845
152862
152865
155575
155578
158670
158763
158773
158794
158806
158888
158900
158906
161593
162144
162506
163781
164161
164649
165085
167220
167308
167317
168135
168145
168202
168244
168264
168304
168327
168343
168345
168352
168763
170385
170387
170399
170412
170416
170482
170500
170509
170511
170547
170550
171693
171804
172076
176559
178511
178872
179073
179089
179094
179111
179226
179249
180402
182949
183546
183548
184560
187399
187437
193135
193818
194013
201527
205622
205789
207353
207503
207574
207661
207798
208052
208242
210528
210708
210724
210790
210852
210855
211128
233126
235602
238993
239219
251137
251226
251242
251410
251420
251438
251505
251612
251619
251826
251839
251856
251907
251948
251970
252177
252199
252204
252220
252492
252664
252737
252848
252889
252950
254553
256967
256970
257427
257463
257511
257564
257631
258305
258361
261595
262617
264276
267727
269367
269379
269479
269510
269528
269600
269615
269673
269738
270075
271169
271171
271640
271659
271801
271808
271842
271845
271847
271856
271862
271931
271936
271944
272061
273675
276381
276451
276748
277639
277703
278992
279039
279072
279777
279786
279795
280427
280472
280495
281403
281414
281432
281454
281541
285491
285503
285555
285656
285666
285745
285787
285810
285813
286896
288152
290491
290523
290538
290570
290597
290604
290606
290612
290613
290622
290646
290665
290677
290686
290709
290724
290737
290774
290822
290857
290895
290928
290948
290965
290980
290981
297178
297743
298883
298993
298996
299240
299242
299286
299291
299325
299390
299407
299447
299590
299687
299725
299787
299859
299922
300015
300060
300063
300070
300110
300229
300284
300289
300359
300388
300393
300483
300649
300687
300688
300690
300692
300693
301358
302425
302474
304355
309801
309818
312779
314674
314691
314709
315067
315197
315223
315426
315481
315486
315501
315696
315745
315747
315844
315870
315928
315938
316858
316869
316876
316877
316884
317029
317141
317157
317167
317189
317978
317980
318307
318548
318576
321048
321064
323488
324816
325124
326756
326896
327235
328592
328595
328641
328651
328654
328658
328660
328695
328730
328736
328779
328798
329360
333693
333735
333743
333747
334227
335679
337276
338595
338670
338803
338919
345249
345280
345811
345815
345857
346072
346571
347766
347937
347974
350421
358080
358088
358905
358913
358983
358998
360467
360790
360827
363280
364232
364478
364672
364676
364947
364987
365013
365042
365079
365088
365141
365242
365327
365346
365359
365363
365364
365371
365384
365390
365427
365440
365452
365484
365517
365565
365569
367219
367796
367829
367833
368637
368995
369002
369009
369013
369023
369062
369107
369552
373467
373496
374700
375418
377752
377896
379123
379194
380528
380550
380695
380710
384898
389177
389278
390797
390942
390967
398265
398624
400811
401122
401361
401373
401988
402195
402197
402815
403523
409424
409521
409884
410357
410362
410393
410401
410410
411032
412375
412432
412455
412801
412924
412928
412945
412998
413018
413036
413206
413268
413338
414296
414661
417156
421135
421762
421787
421803
421852
421857
421883
422650
423198
424023
424024
424034
424055
425058
425333
425337
425411
425915
425919
425925
425991
426037
427454
427476
427484
427756
427942
427976
428260
428268
429804
429873
429927
434182
436234
437731
438099
438476
440206
440249
440938
441766
441767
442067
442832
442913
445170
445596
447007
447037
447890
448557
448635
450393
450443
450538
450553
450576
450594
450652
450751
450758
450783
454072
454972
455152
455156
455799
455801
455810
455813
455845
455846
456690
457209
457368
458141
458148
458153
458194
459829
460394
466775
469129
469311
469985
470827
470973
471843
472968
473294
473415
474824
474827
475977
481715
482500
482724
482815
485114
485202
486354
487777
487808
487842
487845
492325
494064
494073
494272
494298
494358
497449
497457
497485
497510
497800
499494
500255
501494
501634
504373
504401
504412
504413
504422
505258
507427
508058
509491
510801
511405
512424
513263
514346
516885
518680
518781
519964
520047
520159
520168
520188
520190
520197
520202
520253
521020
521323
521605
522020
522027
522040
522104
522107
522116
522491
522742
522748
522793
522802
522811
525324
526161
526188
526254
526359
526369
526378
526756
527635
527646
527976
528109
528936
529717
529963
531615
531676
531774
531802
532877
533028
533034
533040
533054
533109
533237
533241
535146
535147
