75
241
451
519
525
1063
3336
3421
3932
3948
3984
3989
4007
5926
6933
10475
11746
12025
12282
12295
13084
13294
13335
13436
13491
13793
13944
14060
14770
15232
15414
15425
15502
15534
16386
16542
17018
18699
18745
19078
19110
19853
20678
20680
20714
20737
22706
22832
23062
23100
24691
25037
25067
25243
25856
25925
25941
25970
26023
26308
27309
27369
28326
30342
30801
30972
31357
32431
34577
35723
37197
37256
37354
37818
37867
38691
39050
39063
39166
39757
41036
41037
41827
42178
42353
42394
42642
42889
46694
46846
47104
47277
47369
48997
49105
49131
49151
49155
49206
49208
49260
49321
49335
49340
49368
49377
49408
52191
53617
54834
55627
55726
55847
56179
56182
56323
56677
56752
57697
57761
57817
57995
58058
58118
58157
58250
59327
60763
61558
61901
62649
63605
63657
63676
64156
64484
64864
64914
65141
65189
65255
65414
65698
66378
66469
66802
66942
66959
66961
66964
67560
68345
68357
68956
69083
70662
70664
70825
70970
70977
70996
70997
71129
71248
71381
71844
71853
71856
71865
73977
74717
75150
75217
75239
75407
75414
75416
78703
80929
82166
82356
82370
82873
83067
83161
83668
83982
84249
84270
85251
85258
85267
85399
85401
85410
85423
85449
85451
85461
85469
85498
85598
85620
85662
85745
85800
85895
86384
86438
86444
86452
86499
86523
86533
86619
86681
86754
86940
86994
87746
87750
87893
87937
88157
88431
90347
90938
91725
91814
92047
92142
92159
92193
92463
92485
92625
92702
92730
92752
92780
93011
93123
94569
96824
96993
97268
97547
97813
98507
98962
99729
100113
100563
100689
100865
101001
101572
101690
101808
101868
101881
101893
101919
101981
103895
105094
105600
105622
105671
105700
106737
106778
106786
107181
107274
107276
107511
108802
109993
111116
111317
111711
112792
112847
112872
114031
114080
114094
114097
114109
114112
114122
114141
114169
114191
114201
114205
114206
114224
114228
114251
114254
114280
114282
114293
114295
114298
114311
114363
114380
114421
115534
116135
116159
116168
116210
116321
116441
116451
116455
116466
116475
116488
116493
118555
119759
120667
121061
121082
121088
121110
121115
121124
121126
121139
121161
121177
121216
121230
121632
121679
121684
121722
122093
122714
122739
122753
122772
122917
122981
123008
123013
123425
123983
124107
124236
124299
124430
125615
125621
125642
126194
126207
126299
133081
133517
134081
134103
136187
136610
136660
136670
136684
136778
136868
136874
136902
136904
136906
136980
138196
138358
138388
138425
138830
138943
138948
138975
138988
139012
139097
139127
139133
139135
139151
139182
139231
139247
139333
139376
139397
140248
140396
140800
140801
140825
140873
141373
141419
141479
141533
141554
141582
141586
141707
141760
142185
142373
143594
143697
143771
144032
144063
144120
144123
144207
144702
145153
146452
147148
147277
147870
147875
148274
148748
148799
148919
148929
149289
150121
150225
150591
151185
151418
151738
153477
154110
154705
154782
154794
156051
156070
156086
156129
156154
156166
156179
156189
156190
156288
157182
157829
158180
158185
158211
158226
158251
158259
158261
158405
159054
161336
161725
161781
163200
163798
163838
163882
163885
163976
164005
164024
164026
164282
164317
164385
164732
165247
165883
165959
166030
166200
166219
166312
166409
166626
166770
168848
168884
168894
168936
168967
169024
169075
169144
169176
169307
169532
170759
173833
175614
175736
175932
176533
177568
177657
177792
178363
178430
178599
178621
178765
178778
178787
178802
180692
180895
181836
182521
182593
182711
183299
183948
184184
185345
186408
189163
191049
192958
193280
193493
193669
193878
193879
193918
193923
193928
193939
193944
193946
193962
193966
193979
193992
194010
194020
194053
194067
194084
194105
194273
194330
194421
194446
194453
194499
194518
194528
194530
194614
194676
194686
194733
194791
194793
194861
194871
194875
194915
194929
194930
194944
194991
195047
195086
195103
195170
195190
195205
195210
195282
195292
195318
195460
195566
195768
196249
196495
196546
197144
197440
197448
197473
197508
197564
197598
197673
197697
197746
197774
197910
197988
198137
198188
198232
198243
198330
198399
198457
198513
198947
198967
199193
199225
199440
199449
199656
200110
200209
200277
200347
201589
202092
202096
202180
202439
202513
202683
203480
205671
206976
207462
209300
209364
209497
210718
211663
211671
211781
211948
212173
212196
212210
212329
212338
212391
212404
212758
213345
213550
213561
213782
213830
213931
213950
214031
214054
214055
214189
214322
214495
214501
214720
214775
214785
215395
215402
215467
215480
215566
215600
215680
215692
215776
215857
216297
216322
216446
216519
216574
217050
217561
217684
217718
217726
217735
217781
217828
223508
224135
224989
225365
225542
226122
227539
227542
227762
228005
228037
228048
228052
228069
228108
228112
228140
228152
228311
228501
228684
228745
228920
228927
228944
228947
228954
228971
228979
229054
229205
229325
229407
229546
229626
229642
229988
230026
230030
230066
230080
230143
230216
230243
230286
230504
230509
230640
230645
230684
230703
230908
230910
230954
232460
232772
232868
232873
235876
235963
235998
236043
236543
236551
236560
236574
236577
236716
236732
236748
236773
236795
236813
236814
236865
236928
238288
238819
239278
239450
239496
239589
239619
239666
239753
239890
239939
239991
240607
240628
240683
240689
240761
240817
240877
240926
240956
240967
240991
241009
241022
241057
241067
241084
241165
241183
241185
241186
241195
241199
241227
241244
241280
241321
241349
241371
241489
241507
241536
241621
241647
241702
241710
241711
241819
243012
243170
243743
244265
249674
249716
251263
252698
253275
253278
253648
253726
254168
254186
254194
255103
255883
257432
260367
260381
261653
261664
261675
261686
261772
262816
262992
263038
263136
263905
263933
263957
263971
263985
263990
264030
264046
264051
264145
264180
264206
264237
264241
264253
264259
264264
264307
264430
264453
264475
264481
264491
264510
264582
264620
264626
264627
264635
264665
264676
264693
264712
264752
264777
264871
264882
264893
264904
264924
264933
264962
264966
264981
264987
265021
265058
265060
265084
265190
265263
265365
265381
265493
265528
265588
266142
266306
267921
267976
268256
268354
269330
269667
269723
269800
269847
269848
269853
269870
269872
269877
269878
269881
269889
269911
269919
269940
270053
270712
270718
271191
271531
271623
271753
271834
271935
272125
272188
272381
272771
272804
272823
272830
272891
275031
275105
276386
276792
277049
277098
277154
277176
277287
277294
277312
277319
277365
277372
277489
277514
277596
278824
278836
278846
278997
280216
280230
280244
280263
280391
280411
280583
280745
281365
281480
281696
281740
281771
282688
282749
282926
283231
289849
289882
289951
290135
296195
296638
296643
296657
296731
297309
297421
297464
297478
297548
297651
297731
297756
297768
297809
298516
298820
299243
301211
302598
304985
305352
305412
306103
306597
307709
307993
308237
308280
308326
312878
313764
313959
313996
314014
314109
314116
314118
314148
314186
314260
314268
314270
314287
314290
314298
314300
314335
314336
314346
314359
314361
314365
314370
314778
314982
315668
315697
315714
316006
316031
316036
316077
319163
320007
321192
321814
322438
323154
323195
323214
323427
323617
324828
326908
327647
328850
329673
330971
331044
331092
331126
333899
333942
333978
333979
333983
334195
334207
334788
334838
334851
334865
335024
335238
335391
335451
335805
335874
337529
337765
337887
338290
338529
338547
338586
338951
339828
339882
339894
340707
340821
343338
344495
344595
344605
344718
344742
344915
344946
345541
347919
347952
350254
350310
350618
350844
350998
351083
351089
351097
351298
351584
351616
351715
351763
354432
354921
355494
355665
357128
357334
357610
357750
359085
359578
359693
361652
361881
362761
362768
362849
362851
362852
362857
362872
362884
362929
362930
362936
362944
362972
362990
363023
363038
363040
363043
363062
363105
363117
363138
363201
363207
363216
363385
363582
363820
364038
364116
364234
364652
364807
364871
364905
365236
365943
365945
365946
365966
365975
365982
365990
366000
366995
367006
368542
368658
369878
369957
369995
370016
370135
370199
370216
370226
370296
370605
371343
371515
371812
372001
372270
372286
372493
372662
372768
373107
373206
373304
373327
373331
374036
374434
375289
375403
375608
376629
379067
379493
379714
379790
379938
379978
380010
380194
380217
380304
380374
380378
380468
381172
381273
381796
382016
382245
384351
385724
385801
389485
390636
391494
391681
396032
396738
396749
396878
399669
401527
401692
401758
402035
403105
403111
403136
403137
404986
405057
411810
414893
414899
414945
415718
416538
417720
417831
418178
418187
418758
422012
422846
423247
423680
424048
426944
427016
427544
427700
433058
434225
434230
434236
434237
434245
435816
436204
436321
436500
437561
437955
438414
439748
440113
440155
440812
443604
444068
444404
445583
445854
446774
447369
448014
448233
448234
448327
448339
448340
449354
449386
449476
449477
449649
450358
450379
450389
450454
450462
450464
450659
450671
450710
450748
450781
450989
451075
451195
451278
451291
451344
451351
451370
451384
451492
451504
451587
451590
451619
451846
451847
451852
451873
451880
451888
451902
451908
451949
452483
453531
453555
453592
453679
453768
453869
454042
455010
455259
455544
456001
456007
456017
456100
456110
456228
458187
458772
458792
458801
459600
459743
459882
459934
459975
460357
460430
460506
460525
461145
461412
461424
461455
461463
461472
461571
461679
461697
461869
461887
461893
461968
461969
461980
461991
465212
465237
465305
465896
465916
465990
467531
467642
468507
469332
469345
469358
469377
469449
469957
470264
470360
470410
470468
470925
470950
470963
472105
473637
473686
474111
474705
474734
474942
475123
475145
475202
475239
475252
475386
475467
476035
477101
479519
480305
481359
481811
481822
482049
482057
482095
482112
482289
482305
485106
485108
485208
485657
485685
486295
486605
486638
486725
488438
490171
490213
490469
490667
490731
490751
491186
491229
491253
491306
491478
492156
492445
492450
492473
492961
493000
493015
493060
493078
493117
493136
493165
493217
494113
495581
495619
495621
495676
495731
495841
496313
496710
496973
497075
497763
498267
498272
498352
498561
498582
500016
500033
500175
500834
501106
501732
501868
502031
503087
503339
503341
503460
503468
503932
503945
503984
504054
504713
505132
505191
505208
505233
505236
505532
505633
507158
511511
514368
514484
514644
514729
514730
514762
514783
514889
515425
515630
515664
515753
515845
516014
516821
516889
516926
517127
517163
517732
517784
517787
518375
518384
518405
518494
519264
519294
519328
519329
519392
519472
519485
519503
519568
519649
519695
519741
519801
520485
521239
521397
523181
524759
526053
526420
526441
527712
528253
528258
528464
530521
530762
530778
530804
530836
530944
532021
533424
533434
533443
533446
533448
