998
1038
1093
1540
2090
2493
3223
3225
3251
3328
3349
3351
3707
3724
3912
4161
4179
4325
4511
4564
5253
5332
5373
5428
5901
6954
7007
7124
7153
7186
7292
7567
7586
7680
7807
7816
7852
7937
8085
8162
8172
8180
8210
8233
8318
8363
8655
8660
8728
9063
10451
10603
10657
10752
11058
11184
11238
11283
11295
11456
11519
11595
11969
12406
12936
13097
13221
13236
13321
13324
13458
13721
13899
15456
15460
15473
15474
15480
16217
16284
16351
17161
17264
18506
18547
18589
18740
19006
19168
19556
19908
20733
21975
21987
22033
23265
23623
23660
24510
24549
24600
24602
24886
25573
25831
26150
26711
27274
27566
27990
27996
28421
29339
29476
29479
29501
29504
29509
29513
29517
29534
29585
29620
29637
29640
29666
29933
30438
31696
33532
33705
34414
34648
34984
35601
35799
35820
35873
35968
35975
35984
36028
36037
36091
36124
36150
36181
36205
36247
36251
36264
36308
36309
36320
36328
36361
36405
36780
37542
37859
37934
37937
38126
38127
38161
38209
38245
38315
38368
38502
38547
38760
38774
39107
39427
39445
39870
39954
39956
39969
40121
40181
40195
40214
40322
40386
40531
40750
40996
41004
41457
41574
42195
42879
42929
43066
43261
43268
43446
43448
43622
43634
45992
46398
46766
47141
47169
47191
47213
47878
48377
50388
50391
50484
50487
50508
50569
50764
50841
50876
50886
51010
51127
51217
51282
51367
51410
51465
51494
51659
51661
51802
51875
51925
51940
51950
52000
52007
52066
52072
52081
52105
52152
52208
52230
52296
52320
52327
52331
52334
52355
52397
52399
52411
52433
52486
52544
52590
52691
52695
52721
53158
53852
54059
54203
54906
54955
55001
55406
55501
55750
55893
55932
55960
56650
57341
57470
57477
57693
57748
57762
57775
58618
58919
59051
59692
61151
62807
62893
62902
62916
62921
62956
62974
62984
62988
63907
64612
64677
64738
64878
65755
65861
66436
66727
66784
66818
66839
66852
66969
67344
67607
67701
67838
68218
68254
68545
68553
68612
68901
69072
69115
69679
69894
69943
70026
70058
70069
70134
70152
70190
70281
70322
70374
70511
70603
70617
70645
70705
70785
71000
71007
71238
72111
72298
72535
72882
72905
73019
73033
73309
73312
73354
73358
73467
73577
73869
73909
73953
73960
73967
73987
74002
74022
74025
74033
74039
74062
74103
74136
74137
74144
74155
74179
74189
74191
74243
74246
74366
74372
74497
74698
74770
75066
75091
75131
75134
75670
76141
76319
76535
76719
76833
77087
77166
77206
77813
78220
78274
78275
78326
78341
78348
78362
78418
78440
78488
78499
78583
78609
78653
78801
78840
78862
78876
78944
78980
78992
78999
79141
79212
79321
79388
79423
79455
79465
79490
79592
79653
79684
79722
79825
79867
79872
79971
80110
80289
80294
80312
80348
80358
80376
80438
80448
80521
80650
80716
80846
80923
80951
81011
81961
81966
82126
82560
82700
83318
83326
83953
84320
84385
85278
86343
87190
87463
87485
87492
87569
87640
87694
87696
87825
87846
87928
88139
88926
89374
89397
89454
89618
91599
91611
91613
91700
91830
91853
92384
92629
92820
92833
92884
92893
92954
92981
93708
94158
94228
94446
94505
94527
94625
94637
94699
94744
94776
94836
94883
94986
95074
95127
95158
95259
95383
95445
95808
95812
96527
96617
96633
97101
97270
97619
97641
97645
97662
97701
97711
97737
97748
97774
97880
98096
98479
99571
101161
101760
101862
101961
102381
104691
106372
107062
107073
107250
107655
107932
107956
108026
108059
108067
108106
108108
108171
108212
108797
109449
110133
110285
110289
110430
110747
110852
110945
110952
110958
110965
111443
111469
111565
111802
111924
111989
112063
112966
113092
113297
113310
114438
114499
115075
115531
115572
115691
115750
115878
115880
115908
115914
115917
115939
116536
117481
117583
117596
117601
118473
118746
119591
119700
119718
119912
119948
120011
120773
122214
122733
122828
123044
123383
123793
123996
124005
124013
125350
125370
125937
126076
126108
126210
126234
126297
126340
126372
126400
126404
126441
126446
126461
126478
128515
129362
130212
130722
131091
131415
132875
133569
136285
136338
136371
136775
137239
137609
138174
138471
140950
140964
141011
141120
142089
142121
142520
142866
144137
144432
144776
145230
145501
145715
145871
145960
145972
146182
146204
146423
146439
146450
146460
146543
146553
146555
146577
146595
147382
147882
148007
148304
148343
148347
148359
148678
148742
148751
148984
150240
150243
150293
150294
150354
150404
150510
150669
151425
151822
152804
152854
153308
153751
153967
154255
154877
155091
155136
155713
155968
156074
156076
156103
156110
156130
156184
156212
156302
157218
157228
157512
157856
157876
157881
157894
157900
157959
158172
158303
158492
158678
159316
159335
159514
159529
160074
161383
161447
161458
161557
162642
162643
162659
162669
162694
162695
162720
162723
162725
162731
162738
162747
162763
162776
162784
162795
162799
162827
162860
162890
162892
162913
162919
162946
162963
163154
163280
163780
164228
164274
164312
164316
164423
164436
164452
164474
164541
165122
165182
165505
166165
166192
166286
166311
166429
166574
166583
166618
166686
166741
166751
166897
166903
166911
166936
167311
167561
167877
167953
167994
168156
168169
168183
168375
168546
168553
168580
168695
168711
168721
168744
168860
168938
169105
169190
169613
169617
169625
169738
169740
169863
169889
170018
170019
170415
170876
171724
171903
171987
173236
173280
173292
174678
174901
175033
175039
175340
175509
176304
176626
176676
177268
177302
177314
177335
177351
177354
177390
177433
177439
177458
177546
177599
177608
177897
177910
178198
178374
178775
179006
179268
179481
179686
180034
180045
180374
180375
180461
180611
181412
181499
181572
181657
181930
181939
182079
182209
182307
182337
182442
182503
182595
182734
182802
182856
182924
182956
183487
183782
183849
183861
183943
184338
184940
185111
185122
185133
185164
185262
185273
185278
185309
185314
185328
185879
186062
186072
186091
186488
186991
187277
188356
189682
190147
190820
191316
191581
193374
193379
193391
193409
193441
193446
193448
193491
193498
193688
193951
194299
196105
198026
198271
198461
201509
201896
202245
202366
203553
203710
203936
204237
205020
205081
205316
205730
206083
206219
206259
206554
206604
206629
206673
206701
206716
206745
206765
206770
206774
206977
208312
208534
208869
208870
208872
208888
208890
208894
208952
209253
209490
209532
209916
209935
210390
210762
211680
211740
211758
211815
211842
211969
212123
212243
212827
212996
213334
213862
213965
214032
214087
214629
214815
215745
215762
216059
216272
217303
217490
218937
219158
219751
219875
223983
226062
226283
226353
226407
226701
226733
226810
226818
226861
226864
226904
226957
227478
227645
227883
228125
228271
229485
230058
230847
231028
231375
232184
232226
232366
232461
232783
233571
233986
234810
234881
235409
235799
236199
237562
240172
240981
241112
242434
243190
243213
243215
243240
243246
243377
243418
243421
243455
243529
243544
243545
243551
243591
243609
243624
243677
243702
243708
243745
243848
243880
243884
243888
243925
243942
244056
247322
249363
250759
250850
252262
252628
252925
252926
253793
253832
254307
254892
255232
255411
255829
257201
257273
257281
257300
257334
257448
257453
257479
257611
257687
257774
258111
258364
258964
258975
258982
259083
259147
260032
260559
260581
260615
260843
261045
261067
261166
261177
261189
261202
261372
261397
261406
261420
261618
261792
261963
262377
262552
262690
262703
262770
262827
263190
263210
263840
263886
264124
264200
264405
264515
264602
264902
264913
264947
265315
266251
266281
266365
266372
266420
267381
267555
267690
267720
268174
268825
269372
270030
270130
270586
271296
271572
271755
272334
274303
274346
274561
274798
274806
274809
274876
274880
274885
274945
274959
275110
275261
275304
275357
275405
275492
275520
275560
275583
275720
275726
275735
275739
275763
275786
275800
275848
275858
275859
275869
275870
275872
275884
275890
275912
275914
275915
275917
275921
275932
275934
275941
275945
275948
275951
275967
275974
275986
276201
276224
276250
276259
276270
276273
276293
276296
276363
276365
276858
276860
276956
277201
277315
278909
279042
279043
279734
279789
279842
279866
279940
279961
280088
280133
280267
280281
280308
280331
280347
280431
280453
280775
280838
281383
281420
281574
282058
282327
282800
282852
283198
283395
283691
283771
283988
283992
284204
284225
284253
284316
284422
284466
284534
284553
284676
284746
284821
284825
285171
285291
285354
285383
285395
285432
285436
285458
285516
285637
285651
285782
285793
285824
285875
285895
285925
285936
285946
286004
286008
286046
286053
286061
286089
286092
286354
286485
286490
286499
286620
286676
286712
286778
286795
286818
286819
286866
286868
286874
287909
287973
287988
288020
288066
288074
288150
288154
288182
288203
288210
288236
288239
288255
289101
289145
289667
290296
290578
290593
290609
290659
290683
290699
290752
290753
290814
290816
290861
290887
290997
291107
291252
291315
291338
291446
291472
291523
291594
291981
292930
293066
293097
293139
293215
293406
293434
293463
293651
293830
293921
294151
296135
296536
296538
296549
296711
297890
298031
298068
298097
298201
298283
298304
298681
299208
299252
299324
299542
299698
299720
300630
300708
300799
300919
301113
301157
301278
301352
301386
301472
301512
301620
301623
301654
301836
301848
302039
302103
302178
302218
302274
302526
302537
302543
302758
303090
303109
303321
303779
304072
304156
304412
304439
304950
305021
305720
305747
305955
305974
306286
306541
306879
306904
306926
307187
307458
309017
309897
309956
309980
310006
310037
310099
310226
310242
310329
310411
310425
310451
310464
310572
310577
310591
310649
310693
310710
310791
310934
311228
311263
311586
311606
311616
311620
311652
311668
311755
311800
311820
311846
311854
311870
311881
311934
311947
312023
312129
312173
312184
312189
312247
312279
312294
312346
312348
312352
312428
312549
312603
312710
312725
313661
314075
314103
314105
315014
315610
315738
315739
315780
315811
315896
316168
317933
318334
318502
318589
318669
318684
318887
319456
319964
320622
320907
321016
321591
323553
324271
324500
324542
324739
325295
325805
326050
326303
326325
326458
326519
326619
326630
326759
327725
327983
328232
328306
328714
329283
329350
329709
329754
330097
331474
331497
331791
331996
332821
332932
332955
333427
333734
333778
333805
333816
333819
334351
334625
335439
335845
336878
336879
336887
336908
336931
336980
337153
337303
337352
337354
337434
337453
337516
337555
337607
337631
337637
337686
337717
337840
337961
337998
338026
338042
338109
338165
338221
338223
338263
338269
338322
338389
338406
338427
338430
338487
338509
338549
338576
338582
338607
338619
338655
338749
338762
338778
338779
338824
338861
339248
339301
339420
339799
339803
340277
340693
340935
341026
341045
341267
341419
341587
341709
341864
341955
341972
342029
343433
344624
345636
345887
346610
346833
346891
346902
346918
346940
346956
347175
347235
347354
347655
348488
348516
349150
349441
349459
349755
350672
350764
350877
351073
351459
351466
351499
351578
351663
351678
351867
351893
351922
352009
352031
352046
352073
352246
352492
352531
352649
352949
352962
353018
353049
353062
353082
353237
353350
353366
353375
353565
353596
353615
353707
353780
353929
353996
354008
354045
354130
354361
354381
354401
354408
354409
354422
354428
354450
354537
354958
355956
356058
356154
357258
357712
357801
358124
358184
358221
358239
358758
359680
360106
360794
361350
361401
361412
361430
361555
361616
361617
361629
361630
361646
361658
361673
361678
361681
361748
361750
361764
361765
361770
361786
361792
361828
361845
361857
361868
361873
361891
361899
361910
361912
361945
361946
361961
361964
362004
362012
362558
362951
363645
364597
364717
365136
365438
365591
366170
366275
366664
367985
368019
368210
368563
368568
368744
368760
369267
369405
369690
369695
369701
369711
369728
369765
369773
369784
369788
369803
369835
369851
369871
369902
370084
370095
370247
370308
370390
371714
373493
373910
374298
375510
375550
376558
376676
376967
377014
377547
379031
379264
380142
380742
380760
380819
380839
380843
380910
380915
380943
381250
381300
381378
381409
381597
381633
381664
381728
381895
382003
382091
382176
382182
382270
382494
382503
382633
382681
382776
382811
382827
382869
383003
383031
383055
383122
383148
383183
383218
383517
383540
383552
383598
383630
383644
383741
383751
383775
383803
383865
383867
383872
383881
383921
383947
383951
384001
384116
384134
384191
384217
384220
385088
385442
386518
386945
387431
388708
390464
390805
392495
392577
392998
393049
393308
393661
395114
398181
398287
398306
398342
398374
398377
398408
398455
398475
398487
398490
398522
398540
398554
398555
398591
398599
398663
398666
398704
398725
398841
398935
399209
399284
399296
399305
399457
399519
399566
399576
400298
401462
401492
401573
401656
401932
402154
402473
403665
404257
404601
404930
405835
408644
408926
409514
409802
410072
410366
410663
410674
410704
410720
411018
411022
411232
411330
411331
411401
411448
411480
411509
411668
411728
411744
411770
411778
411823
411908
411985
412215
412444
412459
412776
412880
413141
413787
414779
415315
415318
415843
416759
416894
416943
417021
417022
417072
417108
417186
417624
418194
418697
419063
419072
419164
419210
419226
419298
419584
420033
420204
420735
421214
421368
421530
421781
422027
422397
422487
422507
422617
422678
422718
422767
422807
422823
422876
422889
422950
422995
423021
423075
423086
423709
423822
423977
424219
424588
424610
424660
424741
424742
424803
424868
424877
424983
425006
425015
425322
426062
426075
426328
426418
426419
426577
426590
426780
427517
427554
427618
428013
428213
428215
428238
428259
428645
428665
428669
428697
428734
428759
428776
429358
429688
429807
429997
430008
430133
430281
430364
430595
430661
430771
430966
431000
431070
431116
431130
431195
431228
431246
431297
431394
431450
431555
431567
431650
431662
431963
432365
433061
433098
433159
433326
433334
433424
433671
434473
434659
434855
436244
436260
436275
436350
436465
436553
437241
437368
437516
437768
438044
438063
439123
439360
439378
439505
439620
439653
439700
439744
439765
439855
440016
440031
440122
440257
440615
440725
440908
441204
441797
441798
441837
441911
442401
442409
442938
442968
442975
442983
443080
443274
443533
443557
443643
443661
443663
443733
443779
443835
443855
443984
444483
445535
445663
445678
445757
447195
447212
447220
447488
448056
448531
448627
448766
449071
449090
449098
449387
449914
450361
450694
451706
452321
452358
452436
452458
452815
454207
454242
454249
454335
454534
454543
454624
454706
454965
454995
455190
455215
455480
455999
456174
456180
456374
456650
458668
458846
459181
459987
460092
460148
460343
460495
460827
460901
460929
461586
462729
463043
463504
463940
463995
465036
465231
465288
465291
465318
465359
465363
465380
465433
465513
465571
465626
465733
466253
466530
466976
467141
467148
467220
467237
467242
467252
467258
467284
467298
467303
467304
467622
467935
468599
468661
469249
469337
469382
469401
469431
469535
469719
469731
469980
470338
470420
470436
470900
470940
471324
471345
472223
472615
472632
472971
473201
473300
473346
473425
473445
473466
473494
473574
473661
473669
473693
473698
473720
473722
473743
473768
473804
473926
473948
474024
474136
474141
474143
474165
474252
474711
475107
475257
475372
475582
475801
475836
475890
475980
476074
476111
476176
476378
476425
476428
476502
476536
476551
476787
476923
476989
477477
477681
479068
479926
479999
480935
481449
481932
482333
482515
484285
484305
484856
484865
484987
484992
485008
485014
485020
485028
485054
485055
485061
485109
485133
485156
485161
485170
485173
485200
485206
485240
485255
485309
485318
485340
485376
485377
485396
485442
485451
485472
485493
485501
485507
485544
485588
485650
486165
488216
488798
488808
488837
488869
488871
488896
489011
489126
489257
489334
489447
489452
489453
489467
489472
489490
489542
489558
489619
489759
489832
489835
490501
490558
490634
490688
490715
490722
490777
490781
490802
490837
492459
492838
493071
493280
493455
493525
493538
493578
494097
494127
494187
494196
494333
494899
496813
497126
497170
497243
497263
497507
497761
497837
497956
498812
498912
499178
499294
499900
499903
499906
499987
501740
502495
502664
502684
502685
502739
502826
502972
502978
502989
503025
503051
503136
503142
503717
504290
504291
505099
505483
506172
506209
506211
506345
506541
506748
507135
507403
507509
507605
508283
508381
508523
508554
508581
508591
508606
508615
508631
508633
508643
508662
508795
508817
509676
511455
511678
511935
512609
513686
514110
514688
514848
514849
514854
514858
514866
514876
514879
514886
514896
514910
514941
514976
515040
515066
515132
515272
515286
515395
515479
515584
516260
516798
517090
518021
518036
519544
519593
519653
519737
519793
519988
520111
520596
520669
520753
520970
520974
520981
521292
522036
522170
522517
523409
525293
525334
525358
525460
526518
526611
526626
526665
526669
526814
527147
527467
527747
527813
528009
528079
528350
528376
528507
528673
528689
529648
529968
530226
530274
530500
530585
530607
532148
532703
532844
532937
532977
533122
533137
533175
533276
533315
533378
533379
533399
533413
533743
533800
534943
535011
